27 
3 
1 2 1
(         2.220446049250316E-16,          6.797339284154245E-18)
(         2.907639805454310E-01,          9.567948095685818E-01)
3 
1 2 1
(        -1.000000000000000E+00,          0.000000000000000E+00)
(         2.145691226309216E-16,          2.070060068273987E-17)
3 
1 2 2
(        -6.268010958396442E-02,          1.186167063073205E-01)
(         6.516431208828714E-01,          2.395047470372468E-01)
(         1.919516484788009E-01,         -6.672000041169192E-01)
(         1.327277237658996E-01,          1.954662366184537E-02)
3 
2 2 2
(         0.000000000000000E+00,          9.415694105807431E-18)
(         1.387778780781446E-16,         -1.214306433183765E-16)
(         1.980849264775786E-01,         -3.840993719601067E-02)
(         9.688279205314007E-01,         -1.437341261697206E-01)
(         2.610758831345097E-16,         -1.075528555105621E-16)
(        -2.220446049250313E-16,          1.137269009820175E-16)
(         9.218555959341984E-01,         -3.308614496609943E-01)
(        -1.927420753336261E-01,          5.969467119530889E-02)
3 
2 2 2
(        -9.238795325112876E-01,         -7.294286492015599E-16)
(         3.817963333501809E-01,          2.604168287730509E-02)
(         0.000000000000000E+00,          0.000000000000000E+00)
(        -0.000000000000000E+00,          0.000000000000000E+00)
(        -3.046780811663479E-01,         -2.315553416864247E-01)
(        -6.958111613959209E-01,         -6.077830355234796E-01)
(        -0.000000000000000E+00,          0.000000000000000E+00)
(        -0.000000000000000E+00,          0.000000000000000E+00)
3 
2 2 2
(        -2.220446049250313E-16,          6.843714892257283E-16)
(         2.060875480402710E-01,         -5.185419464203725E-01)
(         6.162582300907758E-01,         -5.557589101316374E-01)
(         6.938893903907228E-16,          5.551115123125783E-17)
(        -8.881784197001235E-16,          2.220446049250315E-16)
(        -7.958108883283167E-01,          2.352173513230179E-01)
(         5.498285616219138E-01,          9.511246227207110E-02)
(        -1.137978600240785E-15,         -1.165734175856414E-15)
3 
2 2 2
(         0.000000000000000E+00,          6.630120758160345E-17)
(         5.551115123125784E-17,          1.110223024625157E-16)
(         3.539699863286094E-01,         -8.672286546476055E-01)
(         1.709258050211959E-02,         -3.497535604227739E-01)
(         3.504141421473143E-16,          5.551115123125769E-17)
(        -1.328891661627190E-32,          2.318176267789052E-31)
(        -5.294281011216390E-02,         -3.461455881476113E-01)
(         4.412126417344525E-01,          8.262636960662602E-01)
3 
2 2 2
(        -3.066731835598269E-01,         -8.974700518883173E-01)
(         1.583621009806419E-01,          2.746279472702273E-01)
(        -0.000000000000000E+00,          0.000000000000000E+00)
(         0.000000000000000E+00,          0.000000000000000E+00)
(        -5.966015944005126E-02,          3.113514570777682E-01)
(         4.245622699900420E-03,          9.484107286608628E-01)
(         0.000000000000000E+00,          0.000000000000000E+00)
(         0.000000000000000E+00,          0.000000000000000E+00)
3 
2 2 4
(        -2.538359146742066E-01,         -5.870915006538693E-02)
(         3.313404394808590E-02,         -1.637809663780791E-02)
(        -5.401242492241990E-01,         -3.656067683154786E-01)
(        -4.610420445071779E-02,         -5.680093217678541E-02)
(        -2.799189368803414E-02,         -2.663192325973576E-01)
(        -2.190654035328499E-01,         -9.667702789441628E-02)
(         1.355798708943425E-02,          3.667689168052556E-02)
(        -5.018939274058598E-01,          3.428234147850224E-01)
(         5.497111269337156E-01,         -2.367649015325826E-01)
(        -4.795719833592832E-02,          6.442873021034820E-02)
(        -2.697305814371466E-01,         -9.931560862861957E-04)
(         1.993276502586846E-01,          1.510695836351569E-01)
(        -3.117741993528232E-02,          3.462818462366248E-02)
(        -6.530329072077325E-01,         -9.162348110461591E-02)
(        -6.177709027920531E-03,         -1.657516076480213E-02)
(         1.455413708888074E-01,         -2.036831520929777E-01)
3 
4 2 2
(        -4.440892098500626E-16,         -4.993052133369760E-16)
(        -1.734723475976809E-16,          3.053113317719181E-16)
(         7.771561172376097E-16,          5.412337245047644E-16)
(         1.000000000000000E+00,          4.133821567909852E-17)
(         8.990259724062837E-02,          7.552220396097661E-01)
(        -9.411464596622436E-02,          7.233769519073954E-02)
(        -5.279202410070109E-02,          6.361445491062145E-01)
(         8.326672684688674E-17,         -2.220446049250313E-16)
(         8.573440974235645E-02,          1.468946240946053E-01)
(        -8.657677527599744E-01,          3.142992723521422E-01)
(        -2.230877053580449E-16,         -3.503337638282843E-01)
(         5.551115123125783E-17,          5.551115123125783E-17)
(        -3.499429573570965E-01,         -5.197775494300018E-01)
(        -2.905950566947628E-01,          2.304915833030985E-01)
(         2.893710453497504E-01,          6.213402987646162E-01)
(        -9.992007221626409E-16,         -4.440892098500626E-16)
3 
2 2 2
(        -2.220446049250313E-16,         -1.050950285587674E-16)
(         5.833946023979095E-33,         -5.551115123125784E-17)
(         3.464573456188544E-01,          8.683336187243147E-01)
(        -1.319623664562751E-01,         -3.294692217782019E-01)
(         2.436744382661172E-16,          3.881443777498108E-16)
(        -2.220446049250313E-16,          1.854908484477103E-17)
(        -2.414344784304759E-01,          2.601411672244098E-01)
(        -6.350659797947682E-01,          6.860955961434507E-01)
3 
2 2 2
(        -9.993832051820786E-01,         -3.511707846611573E-02)
(         1.110223024625157E-15,          4.037081757537032E-16)
(         2.510436063370626E-32,         -6.813505130067125E-32)
(         5.634410017073314E-16,          4.508943274841101E-16)
(        -1.135861075150180E-15,          3.246460742668713E-16)
(        -9.993789031492322E-01,         -3.523929539928423E-02)
(         2.428957300955605E-48,         -2.077879296571193E-32)
(        -1.359848904667810E-16,          4.177088773636123E-16)
3 
2 2 2
(        -2.664535259100376E-15,          4.862180366318781E-15)
(         8.477946397411177E-01,         -5.303246636035590E-01)
(        -5.178783605151177E-17,          1.375263103607056E-16)
(        -7.181742418670124E-20,          2.943433102185726E-18)
(        -4.138517324360957E-16,          1.450905067520045E-16)
(         5.187160129654013E-17,         -5.680615430521247E-18)
(         6.727914328526425E-01,          7.398322025162788E-01)
(         1.443289932012704E-15,          5.440092820663267E-15)
3 
2 2 2
(         0.000000000000000E+00,          4.139245294641562E-17)
(        -1.609996115160244E-18,         -1.502663040816234E-17)
(        -6.172858072373752E-17,          2.904377166295593E-16)
(        -9.995041941558168E-01,          3.148596298243465E-02)
(         2.220446049250312E-16,         -1.381320272789418E-32)
(         3.574909513215915E-34,         -3.084347559946077E-32)
(         1.454242350011881E-01,         -9.893693910134471E-01)
(        -2.955870380926734E-16,          2.815648825332419E-17)
3 
2 2 2
(        -4.440892098500626E-16,          1.444581646861010E-16)
(         9.999999999999999E-01,         -3.343586222358520E-17)
(        -5.797157466090818E-32,          2.903408769945411E-32)
(         6.538657122063586E-17,          4.258141956926787E-19)
(        -3.823656945863502E-01,         -9.240110798055929E-01)
(        -1.665334536937735E-16,         -7.771561172376096E-16)
(        -4.747956744101123E-32,         -6.544903429764726E-17)
(         2.326596327325396E-17,          3.877660545542272E-18)
3 
2 2 4
(        -9.314695627257152E-02,         -5.130697527142195E-02)
(         8.926416394022771E-02,          3.669061359860495E-02)
(        -1.772326626051284E-01,          5.379527439576894E-01)
(        -1.473588863463551E-01,         -3.699428792726177E-01)
(        -2.434236007861608E-02,         -5.295290516915285E-02)
(        -3.877687341003265E-01,          1.940268266721662E-01)
(        -2.533352434879889E-01,          1.793716162556939E-01)
(        -2.154914736647380E-01,          4.071890730265371E-01)
(        -5.202063191444963E-01,         -4.608252711798619E-01)
(         1.769417945496343E-16,          4.163336342344337E-17)
(         6.705513764194115E-02,         -1.119332992454083E-01)
(         6.418476861114186E-17,         -5.637851296924623E-17)
(        -1.692745800391450E-02,         -4.509539106461543E-02)
(         3.878199095730067E-01,         -3.902184324636064E-01)
(        -2.194735687865974E-01,          1.328472954294644E-01)
(         1.121092998776595E-02,          3.592525898649109E-01)
3 
4 2 2
(        -2.220446049250313E-16,         -1.589575519633731E-16)
(         2.775557561562892E-16,         -5.551115123125780E-17)
(         9.999999999999997E-01,          2.017967388522838E-17)
(         2.220446049250314E-16,          9.714451465470126E-17)
(        -1.592387434261108E-01,          5.456587911349220E-01)
(        -3.076809027975348E-01,         -6.577621655535230E-01)
(         8.326672684688674E-17,          6.661338147750939E-16)
(        -8.821468565048980E-02,         -3.765621742884800E-01)
(        -6.460859951271030E-01,         -4.967892431411295E-01)
(        -4.465718988642249E-01,         -8.514991925867655E-03)
(        -1.110223024625157E-16,         -5.551115123125783E-17)
(        -3.686405057073651E-01,          1.945626914404436E-02)
(         9.781533641453684E-02,          5.572253593694741E-02)
(         3.799483007242808E-01,         -3.589174256762519E-01)
(         0.000000000000000E+00,         -1.249000902703301E-16)
(        -6.714217938385789E-01,          5.131642076685736E-01)
3 
2 2 2
(        -4.884981308350689E-15,          2.336252811054640E-16)
(        -2.220446049250324E-16,          3.469446951953683E-18)
(         9.747402420021786E-01,         -8.242580498850427E-02)
(         2.075695694077462E-01,         -1.523531888205688E-03)
(         1.582067810090855E-15,         -3.712308238590388E-16)
(        -2.220446049250313E-15,          1.011283825155368E-15)
(        -1.942112905726789E-01,          7.327633934378817E-02)
(         9.390979846193233E-01,         -2.738750225748853E-01)
3 
2 2 2
(        -2.634449849133487E-01,         -1.522919368287999E-01)
(        -9.495024976255190E-01,         -7.647818580379610E-02)
(         6.034471439069277E-17,         -4.881336549549346E-18)
(         3.227288727675237E-18,          1.527288201341206E-18)
(         1.092771682148999E-03,          9.525768797062993E-01)
(        -1.309646870520961E-01,         -2.746713396851008E-01)
(        -2.311286749918896E-16,         -6.212857016514625E-17)
(        -8.365000450470800E-18,         -8.531100946900078E-18)
3 
2 2 2
(        -3.910584509903186E-01,         -9.061114725179102E-01)
(         6.104578582599951E-02,         -1.493609698460860E-01)
(        -5.167546780156843E-17,          3.979250821697814E-17)
(        -1.088439968720564E-17,          1.190652533925638E-16)
(        -2.344245627714794E-17,         -6.966833730536786E-17)
(         6.221397154414632E-18,         -3.109037771891167E-16)
(         1.279634157209869E-01,          9.828861336642761E-02)
(        -1.185229350932570E-01,         -9.797535540003937E-01)
3 
2 2 2
(         0.000000000000000E+00,          2.897909887670843E-32)
(        -1.658317921221832E-16,         -2.345056554120621E-16)
(        -1.806188243121231E-17,         -1.133814902612296E-16)
(         2.725480352824465E-01,          9.621421768448145E-01)
(         1.386668834203223E-16,         -1.741264268316549E-16)
(         6.382900963430758E-32,         -2.235385171695050E-32)
(        -6.745842254491603E-01,          7.381978886282164E-01)
(        -6.692734855232565E-17,          9.328624736032510E-17)
3 
2 2 2
(         0.000000000000000E+00,         -1.000000000000000E+00)
(         5.226946202004897E-32,         -3.035634730594058E-32)
(         1.626303258728257E-21,          1.880790961315660E-37)
(         3.140634772538371E-53,          5.018380612117892E-52)
(         4.113819158900088E-32,         -4.428534247678341E-32)
(        -9.753638553984649E-01,         -2.206022429220578E-01)
(        -2.220446049250311E-16,          1.830089506239446E-17)
(         4.853105493241029E-21,         -5.697333345973823E-22)
3 
2 2 2
(         1.000000000000000E+00,          0.000000000000000E+00)
(         0.000000000000000E+00,          0.000000000000000E+00)
(         0.000000000000000E+00,          0.000000000000000E+00)
(         2.220446049250313E-16,          3.182414418929928E-17)
(         0.000000000000000E+00,          0.000000000000000E+00)
(        -4.440892098500626E-16,          4.068614655678744E-16)
(         0.000000000000000E+00,          0.000000000000000E+00)
(        -3.388197655487822E-01,          9.408512988105338E-01)
3 
2 2 1
(         0.000000000000000E+00,          0.000000000000000E+00)
(         1.000000000000000E+00,          0.000000000000000E+00)
(         0.000000000000000E+00,          1.000000000000000E+00)
(         0.000000000000000E+00,          0.000000000000000E+00)
3 
1 2 1
(        -2.220446049250313E-16,          0.000000000000000E+00)
(         6.312399083006469E-01,          7.755876340998423E-01)
3 
1 2 1
(         1.000000000000000E+00,          0.000000000000000E+00)
(         0.000000000000000E+00,          0.000000000000000E+00)
3 
1 2 1
(         1.000000000000000E+00,          0.000000000000000E+00)
(         0.000000000000000E+00,          0.000000000000000E+00)
